2 1
2 2
4 2 2 1
4 4
6 3 4 2
6 6
8 4 6 3
8 8
10 5 8 4
10 10
12 6 10 5
12 12
14 8 12 5
14 14
16 8 14 7
16 16
18 9 16 8
18 18
20 10 18 9
20 20
22 12 20 9
22 22
24 12 22 11
24 24
26 13 24 12
26 26
28 14 26 13
28 28
30 15 28 14
30 30
32 16 30 15
32 32
34 17 32 16
34 34
36 18 34 17
36 36
38 20 36 17
38 38
40 20 38 19
40 40
42 21 40 20
42 42
44 23 42 20
44 44
46 23 44 22
46 46
48 24 46 23
48 48
50 26 48 23
50 50
52 26 50 25
52 52
54 28 52 25
54 54
56 28 54 27
56 56
58 30 56 27
58 58
60 30 58 29
60 60
62 32 60 29
62 62
64 32 62 31
64 64
66 34 64 31
66 66
68 35 66 32
68 68
70 35 68 34
70 70
72 36 70 35
72 72
74 37 72 36
74 74
76 38 74 37
76 76
78 40 76 37
78 78
80 40 78 39
80 80
82 41 80 40
82 82
84 43 82 40
84 84
86 43 84 42
86 86
88 45 86 42
88 88
90 46 88 43
90 90
92 46 90 45
92 92
94 48 92 45
94 94
96 48 94 47
96 96
98 49 96 48
98 98
100 50 98 49
100 100
102 52 100 49
102 102
104 52 102 51
104 104
106 53 104 52
106 106
108 54 106 53
108 108
110 56 108 53
110 110
112 56 110 55
112 112
114 57 112 56
114 114
116 59 114 56
116 116
118 59 116 58
118 118
120 61 118 58
120 120
122 61 120 60
122 122
124 63 122 60
124 124
126 64 124 61
126 126
128 64 126 63
128 128
130 66 128 63
130 130
132 66 130 65
132 132
134 67 132 66
134 134
136 69 134 66
136 136
138 69 136 68
138 138
140 71 138 68
140 140
142 71 140 70
142 142
144 73 142 70
144 144
146 73 144 72
146 146
148 74 146 73
148 148
150 75 148 74
150 150
152 77 150 74
152 152
154 78 152 75
154 154
156 78 154 77
156 156
158 79 156 78
158 158
160 81 158 78
160 160
162 81 160 80
162 162
164 83 162 80
164 164
166 84 164 81
166 166
168 84 166 83
168 168
170 85 168 84
170 170
172 86 170 85
172 172
174 87 172 86
174 174
176 88 174 87
176 176
178 90 176 87
178 178
180 91 178 88
180 180
182 92 180 89
182 182
184 92 182 91
184 184
186 94 184 91
186 186
188 94 186 93
188 188
190 96 188 93
190 190
192 96 190 95
192 192
194 98 192 95
194 194
196 99 194 96
196 196
198 99 196 98
198 198
200 101 198 98
200 200
202 101 200 100
202 202
204 103 202 100
204 204
206 103 204 102
206 206
208 105 206 102
208 208
210 106 208 103
210 210
212 106 210 105
212 212
214 108 212 105
214 214
216 108 214 107
216 216
218 110 216 107
218 218
220 110 218 109
220 220
222 112 220 109
222 222
224 112 222 111
224 224
226 113 224 112
226 226
228 114 226 113
228 228
230 116 228 113
230 230
232 116 230 115
232 232
234 117 232 116
234 234
236 118 234 117
236 236
238 120 236 117
238 238
240 120 238 119
240 240
242 121 240 120
242 242
244 123 242 120
244 244
246 123 244 122
246 246
248 124 246 123
248 248
250 125 248 124
250 250
252 127 250 124
252 252
254 127 252 126
254 254
256 128 254 127
256 256
258 129 256 128
258 258
260 131 258 128
260 260
262 132 260 129
262 262
264 132 262 131
264 264
266 133 264 132
266 266
268 135 266 132
268 268
270 136 268 133
270 270
272 136 270 135
272 272
274 137 272 136
274 274
276 139 274 136
276 276
278 140 276 137
278 278
280 140 278 139
280 280
282 142 280 139
282 282
284 142 282 141
284 284
286 143 284 142
286 286
288 145 286 142
288 288
290 145 288 144
290 290
292 146 290 145
292 292
294 148 292 145
294 294
296 148 294 147
296 296
298 149 296 148
298 298
300 151 298 148
300 300
302 151 300 150
302 302
304 153 302 150
304 304
306 153 304 152
306 306
308 154 306 153
308 308
310 156 308 153
310 310
312 156 310 155
312 312
314 157 312 156
314 314
316 158 314 157
316 316
318 160 316 157
318 318
320 160 318 159
320 320
322 162 320 159
322 322
324 162 322 161
324 324
326 164 324 161
326 326
328 164 326 163
328 328
330 165 328 164
330 330
332 166 330 165
332 332
334 168 332 165
334 334
336 168 334 167
336 336
338 169 336 168
338 338
340 171 338 168
340 340
342 172 340 169
342 342
344 172 342 171
344 344
346 173 344 172
346 346
348 175 346 172
348 348
350 175 348 174
350 350
352 177 350 174
352 352
354 177 352 176
354 354
356 179 354 176
356 356
358 179 356 178
358 358
360 181 358 178
360 360
362 181 360 180
362 362
364 183 362 180
364 364
366 183 364 182
366 366
368 185 366 182
368 368
370 185 368 184
370 370
372 186 370 185
372 372
374 187 372 186
374 374
376 189 374 186
376 376
378 189 376 188
378 378
380 191 378 188
380 380
382 192 380 189
382 382
384 193 382 190
384 384
386 193 384 192
386 386
388 195 386 192
388 388
390 195 388 194
390 390
392 197 390 194
392 392
394 198 392 195
394 394
396 198 394 197
396 396
398 200 396 197
398 398
400 201 398 198
400 400
402 201 400 200
402 402
404 203 402 200
404 404
406 203 404 202
406 406
408 205 406 202
408 408
410 205 408 204
410 410
412 207 410 204
412 412
414 207 412 206
414 414
416 209 414 206
416 416
418 210 416 207
418 418
420 210 418 209
420 420
422 212 420 209
422 422
424 212 422 211
424 424
426 213 424 212
426 426
428 215 426 212
428 428
430 215 428 214
430 430
432 217 430 214
432 432
434 217 432 216
434 434
436 219 434 216
436 436
438 220 436 217
438 438
440 220 438 219
440 440
442 222 440 219
442 442
444 223 442 220
444 444
446 223 444 222
446 446
448 224 446 223
448 448
450 226 448 223
450 450
452 227 450 224
452 452
454 227 452 226
454 454
456 229 454 226
456 456
458 230 456 227
458 458
460 230 458 229
460 460
462 232 460 229
462 462
464 232 462 231
464 464
466 234 464 231
466 466
468 235 466 232
468 468
470 236 468 233
470 470
472 236 470 235
472 472
474 238 472 235
474 474
476 238 474 237
476 476
478 240 476 237
478 478
480 240 478 239
480 480
482 241 480 240
482 482
484 242 482 241
484 484
486 244 484 241
486 486
488 245 486 242
488 488
490 245 488 244
490 490
492 246 490 245
492 492
494 248 492 245
494 494
496 248 494 247
496 496
498 250 496 247
498 498
500 251 498 248
500 500
502 252 500 249
502 502
504 253 502 250
504 504
506 254 504 251
506 506
508 254 506 253
508 508
510 256 508 253
510 510
512 256 510 255
512 512
514 258 512 255
514 514
516 258 514 257
516 516
518 260 516 257
518 518
520 261 518 258
520 520
522 261 520 260
522 522
524 263 522 260
524 524
526 264 524 261
526 526
528 264 526 263
528 528
530 266 528 263
530 530
532 267 530 264
532 532
534 267 532 266
534 534
536 268 534 267
536 536
538 270 536 267
538 538
540 270 538 269
540 540
542 272 540 269
542 542
544 272 542 271
544 544
546 273 544 272
546 546
548 275 546 272
548 548
550 275 548 274
550 550
552 277 550 274
552 552
554 277 552 276
554 554
556 279 554 276
556 556
558 280 556 277
558 558
560 280 558 279
560 560
562 281 560 280
562 562
564 283 562 280
564 564
566 283 564 282
566 566
568 284 566 283
568 568
570 286 568 283
570 570
572 286 570 285
572 572
574 288 572 285
574 574
576 288 574 287
576 576
578 290 576 287
578 578
580 291 578 288
580 580
582 291 580 290
582 582
584 293 582 290
584 584
586 293 584 292
586 586
588 295 586 292
588 588
590 295 588 294
590 590
592 297 590 294
592 592
594 297 592 296
594 594
596 299 594 296
596 596
598 300 596 297
598 598
600 300 598 299
600 600
602 302 600 299
602 602
604 303 602 300
604 604
606 303 604 302
606 606
608 304 606 303
608 608
610 306 608 303
610 610
612 306 610 305
612 612
614 307 612 306
614 614
616 308 614 307
616 616
618 309 616 308
618 618
620 311 618 308
620 620
622 311 620 310
622 622
624 312 622 311
624 624
626 314 624 311
626 626
628 314 626 313
628 628
630 316 628 313
630 630
632 316 630 315
632 632
634 318 632 315
634 634
636 318 634 317
636 636
638 320 636 317
638 638
640 320 638 319
640 640
642 322 640 319
642 642
644 322 642 321
644 644
646 323 644 322
646 646
648 325 646 322
648 648
650 326 648 323
650 650
652 326 650 325
652 652
654 328 652 325
654 654
656 329 654 326
656 656
658 329 656 328
658 658
660 331 658 328
660 660
662 331 660 330
662 662
664 333 662 330
664 664
666 333 664 332
666 666
668 335 666 332
668 668
670 336 668 333
670 670
672 336 670 335
672 672
674 337 672 336
674 674
676 339 674 336
676 676
678 339 676 338
678 678
680 340 678 339
680 680
682 341 680 340
682 682
684 342 682 341
684 684
686 343 684 342
686 686
688 345 686 342
688 688
690 345 688 344
690 690
692 347 690 344
692 692
694 347 692 346
694 694
696 349 694 346
696 696
698 349 696 348
698 698
700 350 698 349
700 700
702 351 700 350
702 702
704 352 702 351
704 704
706 354 704 351
706 706
708 355 706 352
708 708
710 355 708 354
710 710
712 356 710 355
712 712
714 358 712 355
714 714
716 358 714 357
716 716
718 360 716 357
718 718
720 360 718 359
720 720
722 362 720 359
722 722
724 363 722 360
724 724
726 364 724 361
726 726
728 364 726 363
728 728
730 365 728 364
730 730
732 367 730 364
732 732
734 367 732 366
734 734
736 368 734 367
736 736
738 370 736 367
738 738
740 370 738 369
740 740
742 372 740 369
742 742
744 372 742 371
744 744
746 373 744 372
746 746
748 374 746 373
748 748
750 376 748 373
750 750
752 376 750 375
752 752
754 378 752 375
754 754
756 379 754 376
756 756
758 379 756 378
758 758
760 381 758 378
760 760
762 381 760 380
762 762
764 382 762 381
764 764
766 384 764 381
766 766
768 384 766 383
768 768
770 386 768 383
770 770
772 386 770 385
772 772
774 387 772 386
774 774
776 389 774 386
776 776
778 390 776 387
778 778
780 390 778 389
780 780
782 392 780 389
782 782
784 392 782 391
784 784
786 394 784 391
786 786
788 394 786 393
788 788
790 396 788 393
790 790
792 396 790 395
792 792
794 397 792 396
794 794
796 399 794 396
796 796
798 400 796 397
798 798
800 400 798 399
800 800
802 401 800 400
802 802
804 402 802 401
804 804
806 404 804 401
806 806
808 404 806 403
808 808
810 406 808 403
810 810
812 406 810 405
812 812
814 407 812 406
814 814
816 409 814 406
816 816
818 409 816 408
818 818
820 411 818 408
820 820
822 411 820 410
822 822
824 412 822 411
824 824
826 414 824 411
826 826
828 415 826 412
828 828
830 415 828 414
830 830
832 416 830 415
832 832
834 418 832 415
834 834
836 418 834 417
836 836
838 420 836 417
838 838
840 420 838 419
840 840
842 421 840 420
842 842
844 422 842 421
844 844
846 424 844 421
846 846
848 424 846 423
848 848
850 425 848 424
850 850
852 427 850 424
852 852
854 427 852 426
854 854
856 429 854 426
856 856
858 429 856 428
858 858
860 430 858 429
860 860
862 432 860 429
862 862
864 432 862 431
864 864
866 433 864 432
866 866
868 435 866 432
868 868
870 436 868 433
870 870
872 436 870 435
872 872
874 437 872 436
874 874
876 439 874 436
876 876
878 439 876 438
878 878
880 441 878 438
880 880
882 442 880 439
882 882
884 442 882 441
884 884
886 444 884 441
886 886
888 444 886 443
888 888
890 445 888 444
890 890
892 447 890 444
892 892
894 447 892 446
894 894
896 449 894 446
896 896
898 449 896 448
898 898
900 451 898 448
900 900
902 451 900 450
902 902
904 452 902 451
904 904
906 454 904 451
906 906
908 455 906 452
908 908
910 455 908 454
910 910
912 456 910 455
912 912
914 458 912 455
914 914
916 459 914 456
916 916
918 460 916 457
918 918
920 460 918 459
920 920
922 462 920 459
922 922
924 462 922 461
924 924
926 464 924 461
926 926
928 464 926 463
928 928
930 466 928 463
930 930
932 467 930 464
932 932
934 467 932 466
934 934
936 469 934 466
936 936
938 470 936 467
938 938
940 470 938 469
940 940
942 472 940 469
942 942
944 472 942 471
944 944
946 474 944 471
946 946
948 474 946 473
948 948
950 475 948 474
950 950
952 477 950 474
952 952
954 478 952 475
954 954
956 478 954 477
956 956
958 479 956 478
958 958
960 480 958 479
960 960
962 482 960 479
962 962
964 482 962 481
964 964
966 483 964 482
966 966
968 485 966 482
968 968
970 485 968 484
970 970
972 487 970 484
972 972
974 487 972 486
974 974
976 489 974 486
976 976
978 489 976 488
978 978
980 491 978 488
980 980
982 492 980 489
982 982
984 492 982 491
984 984
986 493 984 492
986 986
988 494 986 493
988 988
990 496 988 493
990 990
992 497 990 494
992 992
994 498 992 495
994 994
996 498 994 497
996 996
998 500 996 497
998 998
1000 500 998 499
1000 1000
